NÚMERO DE MATERIAIS
2
NÚMERO DE NÓS
9
NÚMERO DE ELEMENTOS
8
MATERIAIS
N E POISSON
0 200000000000 0.2
1 210000000000 0.3
COORDENADAS
N X Y VINX VINY UX UY FX FY
0 0.0 0.0 1 1 0.0 0.0 0.0 0.0
1 1.0 0.0 0 0 0.0 0.0 0.0 0.0
2 2.0 0.0 0 0 0.0 0.0 5.0 0.0
3 0.0 1.0 1 1 0.0 0.0 0.0 0.0
4 1.0 1.0 0 0 0.0 0.0 0.0 0.0
5 2.0 1.0 0 0 0.0 0.0 10.0 0.0
6 0.0 2.0 1 1 0.0 0.0 0.0 0.0
7 1.0 2.0 0 0 0.0 0.0 0.0 0.0
8 2.0 2.0 0 0 0.0 0.0 5.0 0.0
CONECTIVIDADE
N NO0 NO1 N02 EP MAT
0 0 4 3 1 0
1 0 1 4 1 0
2 1 2 4 1 0
3 2 5 4 1 0
4 3 4 6 1 0
5 4 7 6 1 0
6 4 8 7 1 0
7 4 5 8 1 0


